rms
    0.9,   0.95,  1.00,   1.05,  1.10,  1.15,  1.20,
36, 82.39, 84.53, 85.92, 87.05, 88.08, 89.38, 90.32,
42, 82.55, 84.76, 86.23, 87.42, 88.50, 89.57, 90.53,
48, 82.50, 84.59, 85.98, 87.20, 88.39, 89.57, 90.59,
54, 82.28, 84.43, 85.87, 87.10, 88.34, 89.51, 90.59,
60, 81.75, 84.16, 85.66, 86.94, 88.17, 89.19, 90.07,
66, 80.79, 82.93, 84.37, 85.81, 87.43, 88.93, 90.05, 
72, 77.84, 81.70, 83.78, 85.12, 85.87, 87.16, 88.50,
74, 77.63, 80.73, 82.39, 83.89, 85.93, 87.80, 88.76, 
76, 74.6,  79.77, 81.97, 83.52, 84.92, 86.52, 87.96,
78, 62.4,  78.43, 81.00, 82.66, 84.16, 85.71, 86.89,
80, nan,   75.33, 79.23, 81.11, 82.50, 83.84, 85.44,
82, nan,    nan,  75.63, 78.37, 79.82, 80.72, 81.89
84, nan,    nan,    nan, 73.12, 75.10, 74.22, nan

Changing non-linearity to compensate for dead notes
Ramp up pressure from 0 to 1.4 in 10ms. If the note doesn't speak, reduce the non-linearity.
Once you find the highest non-linearity value that makes the note speak, write it down.
Then set pressure back to 1.2 and measure pitch (this is after the pitch has been corrected with the parabola [expr $f1+0.00022321*$f1*$f1 -0.01995833*$f1 +0.51550000]

pitch
up to 76 we will keep 0.12
71, 0.14, 71.00
72, 0.135, 72.01
74, 0.130, 74.00
76, 0.122, 76.00
78, 0.114, 78.00
80, 0.108, 79.99
82, 0.100, 81.99
83, 0.096, 82.99
84, 0.093, 83.99


tuning across the octaves

pressure = 1.2
reqeuestedPitch, realPitch
48, 47.93
54, 53.91
60, 59.88
66, 65.83
72, 71.77
78, 77.69
84, 83.37 

presure = 1.2
requestedPitch, correction
48, 0.07
54, 0.09
60, 0.125
66, 0.17
72, 0.23
78, 0.32
84, 0.56 // pressure lowered to 1.1



tuning as a dependency of pressure.
C 60, with a base frequency offset of 0.125, which yields a 60.00 at pressure = 1.2
pressure, freq, out
0.85, 0.01, 60.00
0.9, 0.035, 60.00
0.95, 0.065, 60.00
1.0, 0.083, 60.00
1.05, 0.073, 60.00
1.1, 0.053, 60.00
1.15, 0.023, 60.00
1.2, 0, 60.00
1.25, -0.015, 60.00
1.3, -0.02, 60.00
1.35, -0.03, 60.00
1.4, -0.037, 60.00
1.45, -0.043, 60.00
1.5, -0.03, 60.00
1.55, -0.03, 60.00
1.6, -0.03, 60.00

at 60.2, pressure 0.978,  effect of embouchure:

0.7, 58.31
0.75, 58.67
0.8, 59
0.85, 59.29
0.9, 59.55
0.95, 59.79
1, 60
1.05, 60.19
1.1, 60.37
1.15, 60.54
1.20, 60.70
1.25, 60.85
1.30, 60.99
1.35, 61.13
1.4, 61.26
1.45, 61.39
1.5, 61.51
1.55, 71.34
1.6, 71.43

at 72.325, pressure 0.978, effect of embouchure:

0.65, 69.89
0.7, 70.31
0.75, 70.68
0.8, 71
0.85, 71.29
0.9, 71.55
0.95, 71.79
1, 72
1.05, 72.20
1.1, 72.38
1.15, 72.55
1.2, 72.72
1.25, 72.87
1.3, 73.03
1.35, 73.17
1.4, 73.31
1.45, 73.43 % hard to hear

at 48.12, pressure 0.978, effect of embouchure:

0.75, 46.67
0.8, 46.99
0.85, 47.28
0.9, 47.55
0.95, 47.79
1, 48
1.05, 48.19
1.1, 48.37
1.15, 48.53
1.2, 48.69
1.25, 48.84
1.3, 48.98
1.35, 49.11
1.4, 49.24
1.45, 49.37
1.5, 49.49


at 60.125, pressure 1.2, effect of embouchure

0.7, 58.15
0.75, 58.56
0.8, 58.92
0.85, 59.24
0.9, 59.52
0.95, 59.78
1, 60
1.05, 60.2
1.1, 60.39
1.15, 60.56
1.2, 60.71
1.25, 60.86
1.3, 61.00
1.35, 61.12
1.4, 61.25
1.45, 61.36
1.5, 61.47
1.55, 61.57
1.6, 61.66

at 60.085, pressure 1.4, effect of embouchure

0.65, 57.66
0.7, 58.13
0.75, 58.53
0.8, 58.89
0.85, 59.22
0.9, 59.51
0.95, 59.77
1, 60
1.05, 60.21
1.1, 60.4
1.15, 60.58
1.2, 60.74
1.25, 60.9
1.3, 61.04
1.35, 61.18
1.4, 61.30
1.45, 61.42
1.5, 61.54
1.55, 61.65
1.6, 61.76


at 60.125, pressure 1.2, effect of embouchure

1 half step up

emb, freq, out
1.0, 0, 60
1.05, 0, 60.20
1.1, 0, 60.39
1.15, 0, 60.56
1.10, 0.333, 60.72
1.05, 0.666, 60.86
1.00, 1, 61

2 half step up

emb, freq, out

1.0, 0, 60
1.05, 0, 60.2
1.1, 0, 60.39
1.15, 0, 60.56
1.2, 0, 60.71
1.25, 0.5, 60.86
1.3, 0, 61.0
1.25, 0.3, 61.16
1.2, 0.62, 61.33
1.15, 0.95, 61.5
1.1,  1.28, 61.66
1.05, 1.64, 61.83
1, 2, 62.0

3 half-steps up

emb, freq, out

1.0, 0, 60
1.05, 0, 60.2
1.1, 0, 60.39
1.15, 0, 60.56
1.2, 0, 60.71
1.25, 0.5, 60.86
1.3, 0, 61.0
1.35, 0, 61.13
1.4, 0, 61.25
1.45, 0, 61.36
1.5, 0, 61.47
1.55, 0, 61.57
1.6, 0, 61.67
1.55, 0.21, 61.78
1.50, 0.42, 61.89
1.45, 0.64, 62.00
1.40, 0.88, 62.12
1.35, 1.12, 62.24
1.30, 1.37, 62.36
1.25, 1.53, 62.48
1.2, 1.9, 62.60
1.15, 2.18, 62.72
1.1, 2.48, 62.85
1.05, 2.72, 62.90
1.00, 3.02, 63.00

4 half-steps up

emb, freq, out
1.0, 0, 60
1.05, 0, 60.2
1.1, 0, 60.39
1.15, 0, 60.56
1.2, 0, 60.71
1.25, 0.5, 60.86
1.3, 0, 61.0
1.35, 0, 61.13
1.4, 0, 61.25
1.45, 0, 61.36
1.5, 0, 61.47
1.55, 0, 61.57
1.6, 0, 61.67
1.65, 0, 61.75
1.7, 0, 61.84
1.75, 0, 61.93
1.7, 0.22, 62.06
1.65, 0.44, 62.19
1.6, 0.66, 62.32
1.55, 0.89, 62.45
1.5, 1.12, 62.58
1.45, 1.37, 62.72
1.4, 1.61, 62.85
1.35, 1.87, 62.98
1.3, 2.14, 63.12
1.25, 2.43, 63.27
1.2, 2.82, 63.52
1.15, 3.13, 63.67
1.1, 3.45, 63.81
1.05, 3.73, 63.91
1.00, 4.03, 64.00

half step bend down

emb, freq, out
1.0, 0, 60
0.95, 0, 59.78
0.9, 0, 59.52
0.95, -0.5, 59.28
1, -1, 59

two-half-step-bend-down

emb, freq, out
1.0, 0, 60
0.95, 0, 59.78
0.9, 0, 59.52
0.85, 0, 59.24
0.8, 0, 58.92
0.85, -0.56, 58.68
0.9, -1.08, 58.45
0.95, -1.56, 58.23
1.0, -2.01, 58.00

three-half-step-bend-down

emb, freq, out
1.0, 0, 60
0.95, 0, 59.78
0.9, 0, 59.52
0.85, 0, 59.24
0.8, 0, 58.92
0.75, 0, 58.56
0.8, -0.67,  58.25
0.85, -1.3, 57.94
0.9, -1.9, 57.63
0.95, -2.47, 57.32
1.00, -3.02, 57.00


four-half-step-bend-down

emb, freq, out
1.0, 0, 60
0.95, 0, 59.78
0.9, 0, 59.52
0.85, 0, 59.24
0.8, 0, 58.92
0.75, 0, 58.56
0.7, 0, 58.15
0.65, 0, 57.66
0.7, -0.74, 57.42
0.75, -1.38, 57.19
0.8, -1.97, 56.96
0.85, -2.53, 56.72
0.9, -3.06, 56.48
0.95, -3.56, 56.24
1.00, -4.02, 56.00

